//task1
function fx = functionDemo(x)
fx = x.^2-8.*x+15;
endfunction
// task2
function root = bisection_method_simple(a,b,max_iterations)
  for iteration =1:max_iterations
    c=(a+b)/2;
    if functionDemo(a) * functionDemo(c)<0
      b=c;
    else
      a=c;
    endif
  endfor
  root=c;
endfunction
//comand
functionDemo(3)
fx = 0
ans = 0
>> x=[1:0.1:10];
>> y=functionDemo(x);
fx =

 Columns 1 through 7:

    8.00000    7.41000    6.84000    6.29000    5.76000    5.25000    4.76000

 Columns 8 through 14:

    4.29000    3.84000    3.41000    3.00000    2.61000    2.24000    1.89000

 Columns 15 through 21:

    1.56000    1.25000    0.96000    0.69000    0.44000    0.21000    0.00000

 Columns 22 through 28:

   -0.19000   -0.36000   -0.51000   -0.64000   -0.75000   -0.84000   -0.91000

 Columns 29 through 35:

   -0.96000   -0.99000   -1.00000   -0.99000   -0.96000   -0.91000   -0.84000

 Columns 36 through 42:

   -0.75000   -0.64000   -0.51000   -0.36000   -0.19000    0.00000    0.21000

 Columns 43 through 49:

    0.44000    0.69000    0.96000    1.25000    1.56000    1.89000    2.24000

 Columns 50 through 56:

    2.61000    3.00000    3.41000    3.84000    4.29000    4.76000    5.25000

 Columns 57 through 63:

    5.76000    6.29000    6.84000    7.41000    8.00000    8.61000    9.24000

 Columns 64 through 70:

    9.89000   10.56000   11.25000   11.96000   12.69000   13.44000   14.21000

 Columns 71 through 77:

   15.00000   15.81000   16.64000   17.49000   18.36000   19.25000   20.16000

 Columns 78 through 84:

   21.09000   22.04000   23.01000   24.00000   25.01000   26.04000   27.09000

 Columns 85 through 91:

   28.16000   29.25000   30.36000   31.49000   32.64000   33.81000   35.00000
plot(x,y,'r')
>> grid
 bisection_method_simple(4,100,15)
ans =  4.9990

